>NNYTAATTAR	Lhx1(Homeobox)/EmbryoCarcinoma-Lhx1-ChIP-Seq(GSE70957)/Homer	5.978179	-662.837971	0	T:2040.0(6.84%),B:819.7(2.77%),P:1e-287
0.304	0.202	0.236	0.258
0.250	0.229	0.267	0.254
0.001	0.408	0.212	0.379
0.090	0.193	0.001	0.716
0.779	0.121	0.099	0.001
0.997	0.001	0.001	0.001
0.001	0.001	0.010	0.988
0.001	0.079	0.155	0.765
0.769	0.001	0.171	0.059
0.346	0.207	0.377	0.070
>NTCGTTAN	LHX1.rep1	6.41532295875668
0.260348360655738	0.273155737704918	0.255430327868852	0.211065573770492
0.211551539881473	0.092344311668124	0.22199553094336	0.474108617507044
0.0196962273395394	0.956393924546791	0	0.0239098481136698
0.298699432348926	0	0.701300567651074	0
0.0122931442080378	0.0647754137115839	0	0.922931442080378
0.0934406335824232	0.219326818675353	0.0638691958868238	0.6233633518554
0.621735252898458	0.0717925850426806	0.15294942030832	0.153522741750541
0.196024182805615	0.300133210369915	0.245619428220105	0.258223178604365
>NYAATTAN	LHX1.rep2	7.07339892049163
0.179483750167179	0.275377825331015	0.350006687174	0.195131737327805
0.0576024279210926	0.560242792109256	0.0347192716236722	0.347435508345979
0.576239836615159	0.1879696350815	0.155485337751917	0.0803051905514238
0.944542698332491	0.0170540677109651	0.0024633653360283	0.0359398686205154
0	0	0	1
0.044814392705959	0.220327254965809	0.126180397264735	0.608677955063497
0.822959660998294	0.0272412085190688	0.0339552033459909	0.115843927136646
0.202153270028086	0.336832954393473	0.261334759930453	0.199679015647987
>TAATTAGN	Lhx2(Homeobox)/HFSC-Lhx2-ChIP-Seq(GSE48068)/Homer	6.108703	-3487.497952	0	T:2369.0(62.16%),B:3510.0(8.34%),P:1e-1514
0.001	0.156	0.001	0.842
0.907	0.091	0.001	0.001
0.997	0.001	0.001	0.001
0.001	0.001	0.001	0.997
0.001	0.001	0.150	0.848
0.833	0.001	0.165	0.001
0.224	0.114	0.661	0.001
0.181	0.323	0.265	0.231
>ADBTAATTAR	Lhx3(Homeobox)/Neuron-Lhx3-ChIP-Seq(GSE31456)/Homer	5.127508	-12174.101229	0	T:16578.0(55.47%),B:4397.9(16.00%),P:1e-5287
0.510	0.148	0.156	0.186
0.323	0.151	0.239	0.287
0.022	0.363	0.234	0.380
0.021	0.171	0.001	0.807
0.837	0.085	0.077	0.001
0.994	0.004	0.001	0.001
0.001	0.001	0.001	0.997
0.001	0.080	0.041	0.878
0.842	0.001	0.141	0.016
0.343	0.235	0.410	0.012
>NTAATTAN	LHX4.rep1	7.64976502828189
0.0858066411989421	0.336761680869821	0.323244196297385	0.254187481633852
0	0.252744839701361	0	0.747255160298639
0.718083983962861	0.0837729478792994	0.191179573749736	0.00696349440810298
1	0	0	0
0	0.000587371512481645	0	0.999412628487518
0	0.159231297185999	0.0622283230382064	0.778540379775795
0.697908121410993	0	0.302091878589007	0
0.305996472663139	0.27336860670194	0.326572604350382	0.0940623162845385
>NTCGTTAN	LHX4.rep2	6.87590920686276
0.152322404371585	0.394125683060109	0.174180327868852	0.279371584699454
0.228986402966625	0.0679851668726823	0.25061804697157	0.452410383189122
0.0790123456790123	0.903703703703704	0	0.0172839506172839
0.401960784313726	0	0.598039215686274	0
0.0726681127982646	0.110629067245119	0.0227765726681128	0.793926247288503
0.163362068965517	0.121551724137931	0.084051724137931	0.631034482758621
0.846242774566474	0.0225433526011561	0.13121387283237	0
0.361774744027304	0.266211604095563	0.198634812286689	0.173378839590444
>NTAATTAN	LHX4.rep3	7.85861714967484
0.0710743801652893	0.222589531680441	0.416528925619835	0.289807162534435
0	0.31638418079096	0	0.68361581920904
0.712323390894819	0.0808477237048666	0.206828885400314	0
1	0	0	0
0	0	0	1
0	0.252720677146312	0.0157194679564692	0.731559854897219
0.66678912564291	0	0.33321087435709	0
0.211686879823594	0.399117971334068	0.368246968026461	0.0209481808158765
>NTAATTAN	LHX4.rep4	7.48910573187082
0.148507462686567	0.290485074626866	0.246641791044776	0.314365671641791
0.0303193639671203	0.223420024255491	0.0241207384449535	0.722139873332435
0.728719064454719	0.0868914876257819	0.156377481642643	0.0280119662768561
1	0	0	0
0	0	0	1
0.0292615596963423	0.159420289855072	0.0716356107660455	0.73968253968254
0.71923231780969	0.0250973023755201	0.225741511206549	0.0299288686082405
0.310074626865672	0.22910447761194	0.299440298507463	0.161380597014925
>YTCGTTAN	LHX4.rep5	7.02496268161285
0.224806201550388	0.338039867109635	0.153377630121816	0.283776301218162
0.233294797687861	0.0490173410404624	0.198381502890173	0.519306358381503
0.188510491916065	0.772617819057448	0.0189198486412109	0.0199518403852769
0.441154516048768	0	0.558845483951232	0
0.0179282868525896	0.0768924302788845	0.0103585657370518	0.894820717131474
0.124801524293426	0.130517624642744	0.0314385519212448	0.713242299142585
0.858891013384321	0.0455066921606119	0.0520076481835564	0.0435946462715105
0.412917594654788	0.139420935412027	0.191982182628062	0.255679287305123
>NTAATTAN	LHX4.rep6	7.58994184133721
0.142249024476765	0.287335934728627	0.271018091521816	0.299396949272792
0.0230769230769231	0.229177718832891	0	0.747745358090186
0.745964540883832	0.0693305107171209	0.184704948399047	0
1	0	0	0
0	0	0	1
0	0.175305291723202	0.0597014925373134	0.764993215739484
0.744192185850053	0.0142555438225977	0.220168954593453	0.0213833157338965
0.317488471089039	0.267825470024831	0.304363249379212	0.110322809506917
>SYAATTAN	LHX5.rep1	8.58016132373849
0.0688667666712123	0.358379926360289	0.418928133096959	0.15382517387154
0.00366748166259169	0.327628361858191	0.000873209919664687	0.667830946559553
0.85559891924347	0.0667967577304113	0.059291504052837	0.0183128189732813
1	0	0	0
0	0	0	1
0	0.0617458078671055	0.0449772762889829	0.893276915843912
0.968070652173913	0	0.031929347826087	0
0.392525004386734	0.201087910159677	0.199684155114932	0.206702930338656
>NTCGTTAN	LHX5.rep2	7.94525167582416
0.236200895077076	0.355295872700149	0.237941322725012	0.170561909497762
0.15260173448966	0.0435290193462308	0.133255503669113	0.670613742494997
0.0159079784630445	0.984092021536955	0	0
0.272348896127398	0	0.727651103872602	0
0.0208382666350935	0.0269950272318257	0	0.952166706133081
0.070347473886165	0.0658708164570454	0.00660839906203368	0.857173310594756
0.943675193616522	0.00891809434405069	0.0474067120394274	0
0.327697662854301	0.204375932371954	0.191447041272998	0.276479363500746
>SYAATTAN	LHX5.rep3	8.86207624288717
0.0450285714285714	0.390857142857143	0.425257142857143	0.138857142857143
0	0.293055166619994	0	0.706944833380006
0.974484922908992	0.0255150770910083	0	0
1	0	0	0
0	0	0	1
0	0.0196882690730107	0.0038282745419743	0.976483456385015
0.978088195015064	0	0.0219118049849356	0
0.384960089623302	0.220697381319143	0.207673995238762	0.186668533818793
>MTCGTTAN	LHX6.rep1	9.65127507661119
0.138435676851577	0.72718283397607	0.0956194996539108	0.0387619895184416
0.00359712230215827	0	0.0421844342707652	0.954218443427077
0.00237314950841903	0.98926432365239	0	0.00836252683919087
0.162937464142283	0	0.837062535857717	0
0	0.0297434763379036	0.00232198142414861	0.967934542237948
0.0258820926888619	0	0.0058621833867935	0.968255723924345
1	0	0	0
0.329677861549006	0.0703678318482979	0.440370116518163	0.159584190084533
>CYAATTAN	LHX6.rep2	9.05789052319182
0.0210702964758531	0.638075703897073	0.267760581763938	0.0730934178631363
0	0.0698421975452952	0	0.930157802454705
0.8791265253693	0.0125883108542068	0.108285163776493	0
1	0	0	0
0	0	0	1
0	0.159709618874773	0.0122202056866304	0.828070175438597
0.898516476303006	0	0.101483523696994	0
0.304601899196494	0.337472607742878	0.281665449233017	0.0762600438276114
>TRATTGCAATYA	LHX6.rep3	14.7794728101116
0.0270139893873613	0.0192957067052581	0.00385914134105162	0.949831162566329
0.522155085599194	0.00352467270896274	0.468781470292044	0.00553877139979859
0.965196078431373	0.00882352941176471	0.0200980392156863	0.00588235294117647
0.0171673819742489	0.010968049594659	0.0329041487839771	0.938960419647115
0.00878477306002928	0.00829673011224988	0.0219619326500732	0.960956564177648
0.0794763908368396	0	0.92052360916316	0
0.00137741046831956	0.904040404040404	0.00596877869605142	0.088613406795225
0.960487804878049	0.0190243902439024	0.0190243902439024	0.00146341463414634
0.965196078431373	0.0240196078431373	0.00882352941176471	0.00196078431372549
0.00680272108843537	0.0267249757045675	0.00971817298347911	0.956754130223518
0.00101317122593718	0.524316109422492	0.00151975683890578	0.473150962512665
0.934947768281102	0.00712250712250712	0.0156695156695157	0.0422602089268756
>CTAATTAN	LHX6.rep4	9.07762026466948
0.0234958710184821	0.756685017695635	0.134290208415258	0.0855289028706252
0	0.0523270130509727	0	0.947672986949027
0.830044214385851	0.0401164671627305	0.129839318451418	0
1	0	0	0
0	0	0	1
0	0.165976425613253	0.0166719762132314	0.817351598173516
0.705628896222956	0	0.294371103777044	0
0.252695855528128	0.389242562037157	0.279459529686891	0.0786020527478238
>TRATTGCAATYA	LHX6.rep5	14.6975874218309
0.0422034651266104	0.0350955131052865	0.0164371390493114	0.906263882718792
0.513539651837524	0.00822050290135396	0.473404255319149	0.00483558994197292
0.963627775153519	0.0146433632498819	0.0198393953708077	0.00188946622579121
0.00936768149882904	0.0224824355971897	0.0126463700234192	0.955503512880562
0.011611704598235	0.0176497909893172	0.02322340919647	0.947515095215978
0.0971001757469244	0.00659050966608084	0.896309314586995	0
0	0.899867666519629	0.00397000441111601	0.0961623290692545
0.958646616541353	0.0164473684210526	0.018796992481203	0.00610902255639098
0.944444444444444	0.0277777777777778	0.0185185185185185	0.00925925925925926
0.00480076812289966	0.00912145943350936	0.00672107537205953	0.979356697071531
0.0158349328214971	0.444817658349328	0.00479846449136276	0.534548944337812
0.927694406548431	0.00636653024101864	0.0350159163256025	0.0309231468849477
>MTCGTTAN	LHX8.rep1	9.19880261873315
0.204654537336756	0.529802433307289	0.175521821631879	0.0900212077240763
0.019619412892757	0	0.00973594925505237	0.970644637852191
0	1	0	0
0.0932267622131882	0	0.906773237786812	0
0	0.00529100529100529	0	0.994708994708995
0.00543439399356453	0.053557382910261	0	0.941008223096174
0.957160520765147	0	0.00792784929813077	0.0349116299367227
0.283304202446994	0.141500113990425	0.361045672163538	0.214150011399042
>CYAATTAN	LHX8.rep2	8.29075493269091
0.0735965404020181	0.549131096340194	0.240650276287339	0.136622086970449
0.0213128729752771	0.188547882921284	0.00440466041489059	0.785734583688548
0.775854265670966	0.072867164516859	0.151278569812175	0
1	0	0	0
0	0	0	1
0	0.270970873786408	0.0633009708737864	0.665728155339806
0.883747905657946	0	0.116252094342054	0
0.308881435029896	0.278839142482135	0.271255651159399	0.141023771328569
>TRATTGCAATYA	LHX8.rep3	13.8483035009928
0.0692883895131086	0.0692883895131086	0	0.861423220973783
0.479838709677419	0.0141129032258065	0.449596774193548	0.0564516129032258
0.954356846473029	0.0103734439834025	0.020746887966805	0.0145228215767635
0.0311890838206628	0.0253411306042885	0.0467836257309941	0.896686159844055
0.0286259541984733	0.066793893129771	0.0267175572519084	0.877862595419847
0.150877192982456	0.0263157894736842	0.807017543859649	0.0157894736842105
0	0.833333333333333	0.0307971014492754	0.135869565217391
0.889748549323017	0.0425531914893617	0.034816247582205	0.0328820116054159
0.884615384615385	0.0442307692307692	0.0461538461538462	0.025
0.0121951219512195	0.0345528455284553	0.0182926829268293	0.934959349593496
0.0347648261758691	0.445807770961145	0.0245398773006135	0.494887525562372
0.809859154929577	0.0369718309859155	0.0721830985915493	0.0809859154929577
>CYAATTAN	LHX8.rep4	8.6754249125155
0.0442497753818509	0.587526205450734	0.250898472596586	0.11732554657083
0	0.129841997961264	0	0.870158002038736
0.846950890447922	0.0241770102536427	0.128872099298435	0
1	0	0	0
0	0	0	1
0	0.220128855915658	0.0138617727450215	0.766009371339321
0.910219232107644	0	0.0897807678923559	0
0.288772779406142	0.282018605836625	0.296036701924302	0.13317191283293
>TRATTGCAATYA	LHX8.rep5	14.0918272024017
0.0776772247360483	0.055052790346908	0.0279034690799397	0.839366515837104
0.506884681583477	0.0172117039586919	0.450946643717728	0.0249569707401033
0.946428571428571	0.022108843537415	0.0204081632653061	0.0110544217687075
0.0353697749196141	0.0217041800643087	0.0482315112540193	0.894694533762058
0.037037037037037	0.0362490149724192	0.049645390070922	0.877068557919622
0.135811836115326	0.0159332321699545	0.844461305007587	0.00379362670713202
0.00510204081632653	0.811224489795918	0.0123906705539359	0.171282798833819
0.885441527446301	0.0413683373110581	0.0389817024661893	0.0342084327764519
0.891826923076923	0.0456730769230769	0.0256410256410256	0.0368589743589744
0.00173611111111111	0.0173611111111111	0.0147569444444444	0.966145833333333
0.0241796200345423	0.401554404145078	0.0146804835924007	0.559585492227979
0.850267379679144	0.0236822001527884	0.0565317035905271	0.0695187165775401
>MTCGTTAN	LHX9.rep1	9.11707901235109
0.238457322920948	0.48821756404987	0.178586107685984	0.0947390053431977
0.024871202700302	0.0092378752886836	0.0236276425652869	0.942263279445728
0	1	0	0
0.0875623602270772	0	0.912437639772923	0
0	0	0	1
0	0	0	1
0.991401869158879	0.00467289719626168	0.00392523364485981	0
0.29961346280758	0.075327613839917	0.334024700669369	0.291034222683134
>CYAATTAR	LHX9.rep2	8.99540324306504
0.0761485939127416	0.622613123481079	0.214211318134475	0.0870269644717047
0.0282415630550622	0.329840142095915	0.0161634103019538	0.625754884547069
0.854103826004128	0.127798063184632	0.0180981108112399	0
0.961229229944613	0	0	0.0387707700553868
0	0.00920810313075507	0	0.990791896869245
0	0	0.049301996819226	0.950698003180774
0.979963570127505	0	0.0200364298724954	0
0.416849175062053	0.125857789458315	0.368666958680099	0.0886260767995328
>CYAATTAR	LHX9.rep3	9.76102112028744
0.00675994340512498	0.789341298537966	0.203898758056909	0
0	0.255327623979287	0	0.744672376020713
0.952932245207819	0.0470677547921807	0	0
1	0	0	0
0	0	0	1
0	0	0	1
0.999005173099881	0	0.000994826900119379	0
0.357485525227461	0.121588089330025	0.472952853598015	0.0479735318444996
>MTCGTTAN	LHX9.rep4	8.99178678295065
0.25587324713167	0.46731014387179	0.176834820615553	0.0999817883809871
0.0140275796481217	0.0168806466951973	0.0249643366619116	0.944127436994769
0	0.999245093105184	0	0.000754906894816306
0.127252747252747	0	0.872747252747253	0
0	0.00749812546863284	0	0.992501874531367
0.00323061630218688	0.0099403578528827	0	0.98682902584493
0.96290009699321	0.005819592628516	0	0.0312803103782735
0.337950138504155	0.0977083857970285	0.282548476454294	0.281792999244523
>CYAATTAN	LHX9.rep5	8.62848586870159
0.102528415680817	0.562746462537694	0.15541637671074	0.179308745070749
0.0429566563467492	0.29953560371517	0.0181888544891641	0.639318885448916
0.824609109449354	0.129163834126445	0.0210740992522094	0.0251529571719918
0.994669946699467	0.003280032800328	0	0.002050020500205
0	0	0	1
0.0311952330879776	0.0385559060637925	0.0799158780231335	0.850332982825096
0.911002628614345	0	0.0533233195644011	0.0356740518212542
0.373042044517725	0.165292662819456	0.291838417147568	0.169826875515251
>CYAATTAN	LHX9.rep6	9.1563030942598
0.0446224256292906	0.695080091533181	0.120823798627002	0.139473684210526
0	0.344470046082949	0	0.655529953917051
0.920454545454545	0.0765151515151515	0	0.00303030303030303
1	0	0	0
0	0	0	1
0	0	0.0272217774219375	0.972778222578062
0.952194357366771	0	0.0478056426332288	0
0.372119815668203	0.166721527320606	0.320276497695853	0.140882159315339
