>CCWTTGTYYB	Sox10(HMG)/SciaticNerve-Sox3-ChIP-Seq(GSE35132)/Homer	6.640103	-902.995143	0	T:1484.0(30.76%),B:4020.1(9.10%),P:1e-392
0.018	0.444	0.275	0.262
0.001	0.887	0.001	0.111
0.470	0.033	0.001	0.497
0.001	0.036	0.001	0.962
0.001	0.001	0.001	0.997
0.015	0.004	0.980	0.001
0.012	0.001	0.001	0.986
0.074	0.285	0.226	0.415
0.184	0.396	0.169	0.251
0.130	0.313	0.317	0.240
>AACAATNNNNNATTGTT	SOX10.rep1	20.3224719923335
0.821112929623568	0.0495908346972177	0.0948036006546645	0.0344926350245499
0.998358290632307	4.97487687179742e-05	0.000149246306153923	0.00144271429282125
9.9626400996264e-05	0.999651307596513	0.000149439601494396	9.9626400996264e-05
0.999501942424544	4.98057575455723e-05	0.000398446060364578	4.98057575455723e-05
0.999850530616312	9.96462557919386e-05	0	4.98231278959693e-05
0.0301961542177988	0.000193255386993912	4.83138467484781e-05	0.969562276548459
0.366073653261574	0.00583046793242637	0.618577764488962	0.00951811431703792
0.108486569990532	0.194946927791897	0.680719589375592	0.0158469128419794
0.14550528204106	0.354145903926649	0.355840143512059	0.144508670520231
0.0180884991030496	0.669324297388878	0.202411799880407	0.110175403627666
0.00886984253537971	0.618048634642216	0.00573051624476779	0.367351006577636
0.970500048360576	4.83605764580714e-05	0.000145081729374214	0.0293065093335913
4.9820645675568e-05	0.000149461937026704	0	0.999800717417298
9.95966336337832e-05	0.000547781484985807	0	0.99935262188138
0	0.000149469383687908	0.999850530616312	0
0.00228616867948909	0.000298195914715968	4.96993191193281e-05	0.997365936086676
0.0331469159488917	0.0978895374943871	0.0497611952483978	0.819202351308323
>AACAATNNNNNATTGTT	SOX10.rep2	19.7845905056351
0.742690058479532	0.144736842105263	0.00730994152046784	0.105263157894737
0.99412915851272	0	0	0.00587084148727984
0	0.99803536345776	0	0.00196463654223969
1	0	0	0
1	0	0	0
0.0211946050096339	0	0	0.978805394990366
0.285433070866142	0	0.710629921259842	0.00393700787401575
0.126232741617357	0.238658777120316	0.50887573964497	0.126232741617357
0.192534381139489	0.31237721021611	0.320235756385069	0.174852652259332
0.133858267716535	0.507874015748031	0.230314960629921	0.127952755905512
0.00982318271119843	0.728880157170923	0.00196463654223969	0.259332023575639
0.976923076923077	0	0	0.0230769230769231
0	0	0	1
0.00196463654223969	0	0	0.99803536345776
0	0	1	0
0.00392156862745098	0	0	0.996078431372549
0.1	0.00597014925373134	0.135820895522388	0.758208955223881
>AACAATNNNNNNATTGTT	SOX10.rep3	17.4431461933568
0.500845944167685	0.152222953285083	0.187235642447598	0.159695460099633
0.968994362611384	0.000181851245681033	0.000181851245681033	0.030641934897254
9.17599559552211e-05	0.977885850614792	0.00743255643237291	0.0145898329968802
0.999343585896474	0.00018754688672168	0.000375093773443361	9.37734433608402e-05
0.9617363053876	0.0162440212977168	0.0220196733146828	0
0.176243217126292	0.00899427636958299	0.0225971902177953	0.79216531628633
0.275405836539364	0.0833255137468331	0.56648212442526	0.0747865252885427
0.273435300741297	0.236745800882049	0.39851740639955	0.0913014919771043
0.294642019330018	0.253260767570611	0.237402646148072	0.2146945669513
0.211598010697194	0.24913202589847	0.25795251947077	0.281317443933565
0.0952515015015015	0.399587087087087	0.229917417417417	0.275243993993994
0.0742235150605236	0.57117387632542	0.0824809984048044	0.272121610209252
0.786494464944649	0.0254612546125461	0.00981549815498155	0.178228782287823
0.000540832882639265	0.0216333153055706	0.0172165134306833	0.960609338381107
0	0.000281399493480912	9.37998311603039e-05	0.999624800675359
0.0149623646043694	0.00642555535156967	0.978244905452543	0.000367174591518267
0.0316926988739557	0.000363240101707228	0.000181620050853614	0.967762440973484
0.160923821940771	0.183600298007078	0.159247532128888	0.496228347923263
>AACAATNNNNNNATTGTT	SOX10.rep4	17.5375610806981
0.485516487520496	0.157223537985061	0.192202586992166	0.165057387502277
0.963485177151121	0	0.000723065798987708	0.0357917570498915
0	0.979059515062454	0.00477590007347539	0.0161645848640705
0.999250093738283	0.000749906261717285	0	0
0.942695436858861	0.0205164485320127	0.0353731871241599	0.0014149274849664
0.146523425843032	0.0256639809012235	0.0325276037003879	0.795284989555357
0.286303939962477	0.0881801125703565	0.568855534709193	0.0566604127579737
0.249624624624625	0.222222222222222	0.42454954954955	0.103603603603604
0.296810506566604	0.268292682926829	0.227392120075047	0.20750469043152
0.197299324831208	0.229182295573893	0.273818454613653	0.299699924981245
0.102439024390244	0.427767354596623	0.219512195121951	0.250281425891182
0.0577644411102776	0.557389347336834	0.0870217554388597	0.297824456114029
0.792447219744276	0.0371691941718704	0.0231935771632471	0.147190008920607
0.0007097232079489	0.0397444996451384	0.0138396025550035	0.945706174591909
0.000374672161858374	0.00112401648557512	0	0.998501311352566
0.0167333575845762	0.0138232084394325	0.969443433975991	0
0.0396110911055095	0.00072020165646381	0	0.959668707238027
0.163314264624469	0.177338992434028	0.167558590145783	0.491788152795719
>ACCGAACAATN	SOX12.rep1	12.4225958268443
0.773006134969325	0.0797546012269939	0.0245398773006135	0.122699386503067
0.205	0.63	0.095	0.07
0.2125	0.525	0.145833333333333	0.116666666666667
0.108695652173913	0.0597826086956522	0.684782608695652	0.146739130434783
0.893617021276596	0.00709219858156028	0.0425531914893617	0.0567375886524823
0.992125984251969	0	0.0078740157480315	0
0.00757575757575758	0.954545454545455	0.00757575757575758	0.0303030303030303
0.947368421052632	0.0225563909774436	0.0075187969924812	0.0225563909774436
0.875	0.0694444444444444	0.0486111111111111	0.00694444444444444
0.0211267605633803	0.0915492957746479	0	0.887323943661972
0.283464566929134	0.102362204724409	0.543307086614173	0.0708661417322835
>ACCGAACAATN	SOX12.rep2	12.5822129197049
0.624269005847953	0.195175438596491	0.0796783625730994	0.100877192982456
0.133858267716535	0.747156605424322	0.0507436570428696	0.068241469816273
0.0483870967741935	0.860887096774194	0.0342741935483871	0.0564516129032258
0.0482051282051282	0.0266666666666667	0.875897435897436	0.0492307692307692
0.967157417893545	0.029445073612684	0.00226500566251416	0.00113250283125708
0.993023255813953	0.00232558139534884	0.00465116279069767	0
0	0.996499416569428	0	0.00350058343057176
1	0	0	0
0.846382556987116	0.0901883052527255	0.043607532210109	0.0198216055500496
0.103117505995204	0.168665067945643	0.0455635491606715	0.682653876898481
0.231850117096019	0.245901639344262	0.357142857142857	0.165105386416862
>NGAACAATGN	SOX14.rep1	8.40551854699003
0.230139624458353	0.288396726047183	0.211844005777564	0.269619643716899
0.189550264550265	0.224338624338624	0.274867724867725	0.311243386243386
0.354244800545517	0.254517558813502	0.189396522332083	0.201841118308899
0.78003003003003	0.0397897897897898	0.0510510510510511	0.129129129129129
0	0.914210294764628	0.0175978882534096	0.0681918169819622
0.975586854460094	0	0.0244131455399061	0
0.918250110472824	0.0154661953159523	0.00972160848431286	0.0565620857269112
0.0274473924977127	0.0219579139981702	0	0.950594693504117
0.241337752335041	0.0298282615245556	0.626092196444712	0.102741789695691
0.235322425409047	0.204042348411935	0.35274302213667	0.207892204042348
>NGAACAATGN	SOX14.rep2	8.06626959383092
0.202620967741935	0.399193548387097	0.216733870967742	0.181451612903226
0.177006762716848	0.258453396059982	0.291384886798001	0.273154954425169
0.289850833577069	0.303890026323486	0.21614507165838	0.190114068441065
0.647289353363815	0.0744611365120836	0.0725016329196604	0.205747877204442
0.004359197907585	0.863993025283348	0.0636442894507411	0.0680034873583261
0.954720616570328	0.023121387283237	0	0.0221579961464355
0.836993243243243	0.0253378378378378	0.0219594594594595	0.115709459459459
0	0	0.009	0.991
0.219586374695864	0.0340632603406326	0.602798053527981	0.143552311435523
0.204843592330979	0.227043390514632	0.321897073662967	0.246215943491423
>CCGAACAATN	SOX14.rep3	11.1837857407528
0.176470588235294	0.555882352941176	0.144117647058824	0.123529411764706
0.105072463768116	0.684782608695652	0.144927536231884	0.0652173913043478
0.18213058419244	0.0927835051546392	0.649484536082474	0.0756013745704467
0.800847457627119	0.0550847457627119	0.0508474576271186	0.0932203389830508
0.847533632286996	0.0582959641255605	0.0358744394618834	0.0582959641255605
0	0.994736842105263	0	0.00526315789473684
0.964285714285714	0.00510204081632653	0	0.0306122448979592
1	0	0	0
0	0	0	1
0.178947368421053	0.168421052631579	0.426315789473684	0.226315789473684
>CCGAACAATN	SOX14.rep4	11.8583386197786
0.211155378486056	0.473306772908367	0.170517928286853	0.145019920318725
0.084472049689441	0.737888198757764	0.0546583850931677	0.122981366459627
0.0606060606060606	0.0247933884297521	0.818181818181818	0.0964187327823691
0.891891891891892	0.012012012012012	0.0405405405405405	0.0555555555555556
0.94888178913738	0.0207667731629393	0	0.0303514376996805
0.0064	0.9504	0.016	0.0272
1	0	0	0
0.964285714285714	0.0275974025974026	0	0.00811688311688312
0	0.00326797385620915	0.0261437908496732	0.970588235294118
0.126262626262626	0.112794612794613	0.626262626262626	0.134680134680135
>RAACAATGGN	Sox15(HMG)/CPA-Sox15-ChIP-Seq(GSE62909)/Homer	7.122314	-179.386743	0	T:513.0(13.48%),B:2479.2(5.39%),P:1e-77	Tpos:52.1,Tstd:26.4,Bpos:50.8,Bstd:28.0,StrandBias:0.1,Multiplicity:1.03
0.473	0.018	0.439	0.071
0.540	0.094	0.315	0.051
0.997	0.001	0.001	0.001
0.001	0.888	0.110	0.001
0.997	0.001	0.001	0.001
0.978	0.001	0.001	0.020
0.267	0.001	0.015	0.717
0.266	0.021	0.686	0.027
0.224	0.108	0.667	0.001
0.209	0.312	0.174	0.306
>CCATTGTTYB	Sox17(HMG)/Endoderm-Sox17-ChIP-Seq(GSE61475)/Homer	6.824540	-3018.795680	0	T:2441.0(24.35%),B:1283.6(3.30%),P:1e-1311	Tpos:49.6,Tstd:25.0,Bpos:49.8,Bstd:28.1,StrandBias:0.0,Multiplicity:1.07
0.063	0.642	0.160	0.135
0.085	0.707	0.043	0.165
0.797	0.025	0.032	0.146
0.023	0.039	0.029	0.909
0.025	0.024	0.041	0.910
0.029	0.044	0.893	0.034
0.065	0.038	0.035	0.862
0.073	0.214	0.134	0.579
0.158	0.361	0.093	0.388
0.106	0.239	0.339	0.316
>NACAATGN	SOX18.rep1	8.49507470482384
0.352209352209352	0.281209781209781	0.21986271986272	0.146718146718147
0.974905897114178	0	0	0.0250941028858218
0	0.971654856190079	0.00416840350145894	0.0241767403084619
1	0	0	0
0.999571183533448	0	0	0.000428816466552316
0.0317757009345794	0	0	0.968224299065421
0.303795952580529	0.0541252544605436	0.558256496227997	0.0838222967309304
0.204204204204204	0.413985413985414	0.37966537966538	0.00214500214500214
>NACAATGN	SOX18.rep2	7.44596336782296
0.259762308998302	0.366723259762309	0.285229202037351	0.0882852292020374
0.688084112149533	0.0385514018691589	0.163551401869159	0.10981308411215
0	1	0	0
0.60659114315139	0.143151390319258	0.222451081359423	0.0278063851699279
0.760981912144703	0.134366925064599	0.08656330749354	0.0180878552971576
0	0.388369678089304	0	0.611630321910696
0.241956241956242	0	0.758043758043758	0
0.195615514333895	0.48397976391231	0.320404721753794	0
>CCCATTGTTC	Sox2(HMG)/mES-Sox2-ChIP-Seq(GSE11431)/Homer	6.785470	-1.702649e+03	0	20000.0,2266.0,3527.6,1915.0,0.00e+00
0.060	0.378	0.287	0.275
0.005	0.838	0.073	0.084
0.004	0.766	0.001	0.229
0.692	0.001	0.001	0.306
0.001	0.001	0.001	0.997
0.001	0.001	0.001	0.997
0.001	0.001	0.997	0.001
0.001	0.001	0.001	0.997
0.001	0.223	0.051	0.725
0.121	0.592	0.080	0.207
>GAACAATN	SOX30.rep1	8.76699967099859
0.165753257824869	0.235294117647059	0.396663013031299	0.202289611496773
0.455843247025892	0.0919524142757173	0.39370188943317	0.0585024492652204
0.988167475728155	0	0	0.0118325242718447
0	0.942964678633468	0.0118702953097858	0.0451650260567458
0.994503816793893	0	0.00549618320610687	0
1	0	0	0
0.0534728276663761	0	0	0.946527172333624
0.14487415592388	0.165745856353591	0.61755678330264	0.0718232044198895
>GAACAATN	SOX30.rep2	8.54857356761682
0.177204884667571	0.229308005427408	0.37449118046133	0.218995929443691
0.626134301270417	0.0934664246823956	0.205989110707804	0.0744101633393829
0.956340956340956	0	0.00554400554400554	0.0381150381150381
0	0.906701708278581	0.0203679369250986	0.0729303547963206
0.979418026969482	0.0092264017033357	0.0113555713271824	0
0.923694779116466	0.0468540829986613	0.0247657295850067	0.00468540829986613
0.0615280594996619	0	0.00540906017579446	0.933062880324544
0.165942028985507	0.193478260869565	0.458695652173913	0.181884057971014
>CCWTTGTY	Sox3(HMG)/NPC-Sox3-ChIP-Seq(GSE33059)/Homer	6.563838	-8049.249245	0	T:10715.0(60.64%),B:5489.6(17.74%),P:1e-3495
0.019	0.695	0.147	0.139
0.032	0.705	0.003	0.260
0.481	0.001	0.001	0.517
0.001	0.001	0.001	0.997
0.001	0.001	0.001	0.997
0.007	0.027	0.843	0.123
0.056	0.001	0.113	0.830
0.076	0.330	0.185	0.409
>NGAACAATGN	SOX3.rep1	9.57454896325667
0.312481644640235	0.258737151248164	0.178854625550661	0.24992657856094
0.190087895795828	0.172932330827068	0.360584559991528	0.276395213385577
0.53579858379229	0.184107002360346	0.160031471282455	0.12006294256491
0.948996655518395	0.0150501672240803	0	0.0359531772575251
0	1	0	0
0.984673221515327	0.0118565644881434	0.00347021399652979	0
0.965957446808511	0.0130496453900709	0.00482269503546099	0.0161702127659574
0.0175337740730095	0.00373670594998563	0	0.978729519977005
0.372085048010974	0.00891632373113855	0.583847736625514	0.0351508916323731
0.171806167400881	0.286930983847283	0.440822320117474	0.100440528634361
>NGAACAATGN	SOX3.rep2	8.70702471588851
0.130522088353414	0.447791164658635	0.41566265060241	0.00602409638554217
0.116733755031627	0.284646348476136	0.285796434732605	0.312823461759632
0.195054945054945	0.368524332810047	0.235086342229199	0.201334379905808
0.715107913669065	0.0705035971223022	0.0633093525179856	0.151079136690647
0.265878877400295	0.734121122599705	0	0
0.982213438735178	0.0177865612648221	0	0
0.826955074875208	0.0266222961730449	0.00665557404326123	0.139767054908486
0	0.0115384615384615	0.0326923076923077	0.955769230769231
0.354545454545455	0	0.645454545454546	0
0.0221327967806841	0.191146881287726	0.424547283702213	0.362173038229376
>YCTTTGTTCC	Sox4(HMG)/proB-Sox4-ChIP-Seq(GSE50066)/Homer	7.068675	-1565.911464	0	T:1348.0(20.64%),B:1233.8(3.00%),P:1e-680	Tpos:52.6,Tstd:21.3,Bpos:52.3,Bstd:32.0,StrandBias:-0.1,Multiplicity:1.05
0.001	0.476	0.193	0.330
0.001	0.997	0.001	0.001
0.250	0.001	0.001	0.748
0.001	0.001	0.001	0.997
0.001	0.001	0.001	0.997
0.001	0.001	0.997	0.001
0.001	0.001	0.001	0.997
0.001	0.296	0.046	0.657
0.001	0.731	0.088	0.180
0.137	0.456	0.167	0.240
>GAACAAAGRN	SOX4.rep1	9.71450258718456
0.288636146420721	0.152298575934244	0.355108477492115	0.20395680015292
0.624348848932952	0.117795328516216	0.190304150562931	0.0675516719879012
0.998521902714324	0	0	0.00147809728567589
0	0.968334636434715	0.0136825645035184	0.017982799061767
1	0	0	0
0.998521902714324	0	0.00147809728567589	0
0.659361135758651	0.00727595385980479	0.00718722271517303	0.326175687666371
0.193471254808192	0.0144505665869633	0.7725335273937	0.0195446512111446
0.372343733803255	0.192184098683529	0.397947548460661	0.0375246190525552
0.363881038891132	0.249899071457408	0.282869062037411	0.103350827614049
>GAACAAAGRN	SOX4.rep2	10.1219586838605
0.248655390131733	0.1380466131421	0.435107958531452	0.178190038194715
0.619465098213295	0.105537676173566	0.227166796138053	0.047830429475086
0.998390270076909	0	0	0.00160972992309068
0	0.98761500353857	0.00654635527246992	0.00583864118895966
0.998747539810342	0.000178922884236894	0.00107353730542136	0
0.99696374352563	0.00107161993213074	0.00196463654223969	0
0.658954078621178	0.014165978042734	0.00590249085113918	0.320977452484949
0.150881873425226	0.00948569734696902	0.827330665480954	0.0123017637468505
0.291585399832823	0.198105321816662	0.486068542769574	0.0242407355809418
0.317986384808312	0.257613758509495	0.338409172339663	0.0859906843425296
>CCATTGTTNY	Sox6(HMG)/Myotubes-Sox6-ChIP-Seq(GSE32627)/Homer	6.331137	-1012.113794	0	T:2244.0(40.71%),B:6639.4(15.51%),P:1e-439
0.074	0.489	0.235	0.202
0.240	0.448	0.120	0.191
0.533	0.017	0.155	0.295
0.003	0.014	0.013	0.970
0.026	0.019	0.013	0.942
0.018	0.068	0.909	0.005
0.006	0.024	0.011	0.959
0.107	0.228	0.180	0.484
0.199	0.305	0.241	0.254
0.135	0.317	0.190	0.358
>ACAATNNNATTGT	SOX7.rep1	14.4333880600487
0.84485171900971	0.0381856355524451	0.0495582188784883	0.0674044265593561
0.000513320671423438	0.991478876854371	0.00112930547713156	0.00687849699707407
0.957135777998018	0.0193756194251734	0	0.0234886025768087
0.894254363627946	0.0735682207509607	0.0234733089494884	0.00870410667160517
0.00458290422245108	0.000154479917610711	0.000669412976313079	0.994593202883625
0.242286187616484	0.0740318906605923	0.442638227376268	0.241043694346656
0.263266891017344	0.235154025368884	0.234998705669169	0.266580377944603
0.227595133316076	0.462542065752006	0.0736733108982656	0.236189490033653
0.996491771139658	0.000567507609761131	5.15916008873755e-05	0.00288912964969303
0.00644092749355907	0.0221291866028708	0.0828119249171881	0.888617960986382
0.0243600534732881	0.00064365994949745	0.0186661385354261	0.956330148041788
0.00882322765979276	0	0.990817687493588	0.000359084846619473
0.0706867084447171	0.0449187080941321	0.0379508304483106	0.84644375301284
>ACAATNNNATTGT	SOX7.rep2	14.2223403706614
0.79020717392321	0.052658654070991	0.0621054108403872	0.0950287611654118
0	0.991724380795868	0	0.00827561920413194
0.940812917594655	0.028619153674833	0.000612472160356347	0.0299554565701559
0.884011719158732	0.0850162184786021	0.0216595165847023	0.0093125457779638
0.0035924617196702	0	0.00129564193168433	0.995111896348645
0.252174942297449	0.0807835710481151	0.453808368349411	0.213233118305025
0.264544001893827	0.230810202994614	0.242587441557673	0.262058353553885
0.207847546901817	0.448777889566195	0.0798958394981358	0.263478724033852
0.993824255969886	0.000529349488295495	0.000823432537348547	0.00482296200447006
0.00942021442698033	0.0250858748828979	0.0860830644321849	0.879410846257937
0.0292231331214098	0.000223077352071831	0.0282192850370866	0.942334504489432
0.00773150588648744	0.00134715632870614	0.989691325484683	0.001230012300123
0.0910147893219235	0.0608315505534369	0.0623197842061204	0.785833875918519
>AGAACAATGN	SOX8.rep1	9.52992421379271
0.4168752234537	0.183410797282803	0.180908115838398	0.218805863425098
0.206896551724138	0.182457315031804	0.390358218948778	0.22028791429528
0.644911504424779	0.110066371681416	0.142699115044248	0.102323008849558
0.954954954954955	0.00982800982800983	0.00491400491400491	0.0303030303030303
0	0.962046204620462	0.00742574257425743	0.0305280528052805
0.990654205607477	0	0.00339847068819031	0.00594732370433305
0.982308340353833	0	0.004212299915754	0.0134793597304128
0.151709401709402	0	0.0178062678062678	0.83048433048433
0.404891304347826	0.0543478260869565	0.452639751552795	0.0881211180124224
0.23327615780446	0.284734133790738	0.37221269296741	0.109777015437393
>AGAACAATGN	SOX8.rep2	10.299245960153
0.403400309119011	0.248178405829101	0.188562596599691	0.159858688452197
0.208333333333333	0.116554054054054	0.514358108108108	0.160754504504505
0.741778319123021	0.0613073487616728	0.106780349167682	0.0901339829476248
0.975961538461538	0	0	0.0240384615384615
0.00155038759689922	0.944186046511628	0.0180878552971576	0.0361757105943152
0.991318502441671	0	0	0.00868149755832881
0.958551941238195	0.0225603357817419	0	0.018887722980063
0.126623376623377	0.0166975881261596	0.00927643784786642	0.847402597402597
0.368678629690049	0.056552474170745	0.49673735725938	0.078031538879826
0.164293537787514	0.230558598028478	0.499452354874042	0.105695509309967
>ACAATNNNNNNATTGT	SOX8.rep3	16.3534294505534
0.988814317673378	0	0	0.0111856823266219
0	0.973568281938326	0	0.026431718061674
1	0	0	0
0.936440677966102	0.0254237288135593	0.038135593220339	0
0.127579737335835	0.0112570356472795	0.0318949343339587	0.829268292682927
0.280542986425339	0.0497737556561086	0.613122171945701	0.0565610859728507
0.251131221719457	0.246606334841629	0.411764705882353	0.0904977375565611
0.280542986425339	0.253393665158371	0.273755656108597	0.192307692307692
0.195011337868481	0.26530612244898	0.249433106575964	0.290249433106576
0.0904977375565611	0.418552036199095	0.244343891402715	0.246606334841629
0.0632054176072235	0.607223476297968	0.0586907449209932	0.270880361173815
0.838709677419355	0.0341555977229602	0.00759013282732448	0.119544592030361
0	0.0297872340425532	0.0297872340425532	0.940425531914894
0	0	0	1
0.0263736263736264	0.0021978021978022	0.971428571428571	0
0.0155902004454343	0	0	0.984409799554566
>ACAATNNNNNNATTGT	SOX8.rep4	15.8824822518486
0.973733583489681	0	0	0.026266416510319
0	0.932893948472139	0.00838825644098262	0.0587177950868784
0.999358151476252	0	0	0.000641848523748395
0.900520532099479	0.0427993059572007	0.0566801619433198	0
0.178470254957507	0.0311614730878187	0.0552407932011331	0.735127478753541
0.287548138639281	0.0994865211810013	0.541078305519897	0.0718870346598203
0.226863753213368	0.237789203084833	0.450514138817481	0.0848329048843188
0.253692999357739	0.266538214515093	0.288375080282595	0.191393705844573
0.187540141297367	0.28965960179833	0.265253692999358	0.257546563904945
0.0885750962772786	0.457637997432606	0.232991014120668	0.220795892169448
0.0738599871547848	0.542710340398202	0.0989081567116249	0.284521515735389
0.738614800759013	0.0550284629981025	0.0308349146110057	0.175521821631879
0.000578703703703704	0.0619212962962963	0.0364583333333333	0.901041666666667
0.000641848523748395	0	0	0.999358151476252
0.0581534772182254	0.00839328537170264	0.933453237410072	0
0.0244207889793363	0.000626174076393237	0	0.97495303694427
>AGGVNCCTTTGT	Sox9(HMG)/Limb-SOX9-ChIP-Seq(GSE73225)/Homer	7.192449	-2442.275986	0	T:2258.0(25.01%),B:1599.7(4.06%),P:1e-1060
0.565	0.002	0.193	0.240
0.264	0.024	0.593	0.119
0.317	0.146	0.478	0.059
0.274	0.232	0.366	0.128
0.150	0.299	0.267	0.284
0.061	0.439	0.267	0.234
0.001	0.821	0.015	0.163
0.352	0.127	0.001	0.520
0.001	0.123	0.090	0.786
0.001	0.001	0.001	0.997
0.006	0.079	0.903	0.012
0.028	0.001	0.006	0.965
>MGAACAATRN	SOX9.rep1	9.49556890288981
0.421052631578947	0.207017543859649	0.136842105263158	0.235087719298246
0.135278514588859	0.16710875331565	0.474801061007958	0.222811671087533
0.443069306930693	0.215346534653465	0.178217821782178	0.163366336633663
0.962365591397849	0.0376344086021505	0	0
0	1	0	0
0.774891774891775	0	0.225108225108225	0
0.817351598173516	0	0.182648401826484	0
0	0.182648401826484	0	0.817351598173516
0.494736842105263	0.0105263157894737	0.447368421052632	0.0473684210526316
0.0167597765363128	0.290502793296089	0.581005586592179	0.111731843575419
>MGAACAATRN	SOX9.rep2	10.3461483404988
0.420021842009465	0.325300327630142	0.118820531488897	0.135857298871496
0.225863265197203	0.0911565351977371	0.546352137481988	0.136628062123072
0.826430935658351	0.0569145071445871	0.0779042544603213	0.0387503027367401
0.990613508805884	0	0	0.00938649119411651
0	0.988700019316206	0.000386324125941665	0.010913656557852
0.9994142341111	0	0.000585765888899736	0
0.952722196370405	0.019637040483946	0.0100511865984179	0.0175895765472313
0.0439501300565073	0.0335456094717015	0.00430531886267827	0.918198941609113
0.376862268166616	0.10656734569778	0.401261781696564	0.115308604439039
0.2122692194979	0.211976164892058	0.455699912083618	0.120054703526424
