>GATGACGTCA	Atf1(bZIP)/K562-ATF1-ChIP-Seq(GSE31477)/Homer	6.250778	-4815.232515	0	T:3713.0(29.65%),B:1296.8(3.87%),P:1e-2091
0.202	0.227	0.397	0.173
0.466	0.202	0.291	0.041
0.023	0.046	0.020	0.911
0.016	0.026	0.759	0.199
0.870	0.001	0.068	0.061
0.025	0.748	0.059	0.168
0.143	0.069	0.771	0.017
0.057	0.168	0.005	0.770
0.323	0.635	0.031	0.011
0.857	0.021	0.072	0.050
>NRRTGACGTCAT	Atf2(bZIP)/3T3L1-Atf2-ChIP-Seq(GSE56872)/Homer	7.098521	-1842.914275	0	T:1501.0(14.40%),B:710.6(1.88%),P:1e-800	Tpos:51.2,Tstd:22.9,Bpos:51.4,Bstd:34.9,StrandBias:-0.0,Multiplicity:1.08
0.209	0.287	0.276	0.228
0.239	0.195	0.379	0.188
0.429	0.226	0.283	0.062
0.047	0.025	0.020	0.908
0.016	0.028	0.825	0.131
0.750	0.026	0.105	0.119
0.057	0.569	0.177	0.197
0.206	0.144	0.580	0.070
0.095	0.105	0.044	0.756
0.132	0.798	0.042	0.028
0.890	0.025	0.029	0.056
0.073	0.280	0.215	0.432
>NRTGAYGTCAYN	ATF2.rep1	11.7599321407437
0.205201486138897	0.213275221491855	0.392469276936267	0.189054015432981
0.516450845665962	0.0525898520084567	0.408298097251586	0.0226612050739958
0.00118898209921395	0.0743113812008719	0	0.924499636699914
0.00498212931874797	0.00855626556915412	0.757933499404311	0.228528105707787
0.990026172455259	0.00339534554714579	0.00318313645044918	0.00339534554714579
0.000896551724137931	0.468827586206897	0.0338620689655172	0.496413793103448
0.00348289284982586	0.0394727856313597	0.955815065218876	0.00122925629993854
0.0119693022600859	0.00260508343307752	0	0.985425614306837
0.343053173241852	0.648834082796347	0.00319873904779565	0.00491400491400491
0.906300589263744	0.00116557663666386	0.0923395713268147	0.00019426277277731
0.0207260726072607	0.327128712871287	0.0553795379537954	0.596765676567657
0.182337810803087	0.33073735352958	0.27043440983138	0.216490425835953
>NRTGAYGTCAYN	ATF2.rep2	10.3389993338991
0.198517298187809	0.28171334431631	0.315485996705107	0.204283360790774
0.34364471669219	0.151301684532925	0.399693721286371	0.105359877488515
0.033688552767274	0.110690959092472	0.0213131660364386	0.834307322103816
0.0767740372971664	0.0825865827076774	0.587793654637927	0.252845725357229
0.855481142051463	0.0334860768417342	0.0595699682763483	0.0514628128304547
0.0119189511323004	0.774334525228447	0.023440603893524	0.190305919745729
0.000803858520900322	0.0233118971061093	0.97548231511254	0.000401929260450161
0.0590083798882682	0.0534217877094972	0.0401536312849162	0.847416201117318
0.300595894945928	0.53564334583977	0.0979916133303906	0.0657691458839108
0.844761573268361	0.0215802297250261	0.0991994430908458	0.0344587539157675
0.106434155141311	0.376127480457005	0.163559831629585	0.353878532772099
0.199423156159868	0.319736299958797	0.300370828182942	0.180469715698393
>NRTGAYGTMAYN	ATF2.rep3	10.7593647293676
0.205512572533849	0.244257736943907	0.358861218568665	0.191368471953578
0.426246289282424	0.103695362882588	0.420565052717781	0.0494932951172075
0.00625358278180207	0.130960446088905	0.000573245088331857	0.862212726040961
0.0268984067866749	0.0239499275812125	0.855834885164494	0.0933167804676185
0.944133759415659	0.00810317279160009	0.0138666971011185	0.0338963706916229
0.00857035727676897	0.464245540735979	0.105201135572339	0.421982966414912
0.0317637669592977	0.0785315243415802	0.880287310454908	0.00941739824421389
0.0287405353524581	0.0860616401834275	0.00298602964700864	0.882211794817106
0.440469928108013	0.52656496580747	0.0194049915249284	0.0135601145595885
0.814583230761656	0.0153611343606913	0.138151740436217	0.0319038944414357
0.0452234797621331	0.320976405140994	0.161327450604259	0.472472664492615
0.173597678916828	0.261786750483559	0.360311895551257	0.204303675048356
>NRTGAYGTMAYN	ATF2.rep4	9.68219037069821
0.216795040390757	0.300770242344543	0.300394514371595	0.182040202893105
0.350654897494305	0.1500569476082	0.407033029612756	0.092255125284738
0.0330353083800576	0.131989695408395	0.0284891650250038	0.806485831186543
0.103894371832489	0.117097892771406	0.709789277140571	0.0692184582555348
0.821169572596821	0.0283906804505478	0.069742323715476	0.0806974232371548
0.000359453630481668	0.764917325664989	0.0431344356578001	0.191588785046729
0.0159602766447952	0.0356446178400426	0.943784358928888	0.00461074658627416
0.0547926580557444	0.199456152277362	0.0221617946974847	0.723589394969409
0.415901664851408	0.412011825112805	0.0975571806441575	0.0745293293916291
0.591662034463591	0.0912729294052251	0.201556420233463	0.115508615897721
0.102456324707737	0.375147773545252	0.198476290555629	0.323919611191383
0.195076113512498	0.274572448787822	0.344296184927645	0.186055252772035
>DATGASTCATHN	Atf3(bZIP)/GBM-ATF3-ChIP-Seq(GSE33912)/Homer	5.979652	-21021.918709	0	T:13533.0(37.14%),B:1329.8(3.83%),P:1e-9129	Tpos:50.1,Tstd:24.9,Bpos:50.5,Bstd:34.0,StrandBias:0.0,Multiplicity:1.11
0.305	0.134	0.316	0.245
0.486	0.214	0.275	0.025
0.001	0.001	0.001	0.997
0.001	0.001	0.946	0.052
0.997	0.001	0.001	0.001
0.047	0.454	0.452	0.048
0.001	0.001	0.001	0.997
0.052	0.946	0.001	0.001
0.997	0.001	0.001	0.001
0.025	0.278	0.213	0.484
0.243	0.327	0.131	0.300
0.256	0.266	0.231	0.247
>NRTGAYGTCAYN	ATF3.rep1	13.8713758746212
0.170221388047605	0.12208335110694	0.543381819732969	0.164313441112486
0.701151806430229	0.0270964534305602	0.270135896586013	0.00161584355319854
0	0	0	1
0	0	0.946713780918728	0.0532862190812721
1	0	0	0
0	0.560673463740661	0.00204337923841553	0.437283157020923
0.00732554200542005	0	0.99267445799458	0
0	0	0	1
0.0694452714101419	0.930554728589858	0	0
1	0	0	0
0.00348796651552145	0.248220111204579	0.0345308685036624	0.713761053776237
0.185539084995201	0.47270982190466	0.144310547083289	0.19744054601685
>NRTGAYGTCAYN	ATF3.rep2	13.3822441557056
0.187078874355925	0.215259611573524	0.442449464922711	0.15521204914784
0.540945662956023	0.0626400675998384	0.385980381351262	0.0104338880928763
0	0	0	1
0	0	0.907746554887921	0.0922534451120786
1	0	0	0
0	0.862776963018748	0	0.137223036981252
0	0	1	0
0	0	0	1
0.0920735436980535	0.907746554887921	0.000179901414025114	0
1	0	0	0
0.0113056564989172	0.380391293176229	0.0626215908673788	0.545681459457475
0.160133180070554	0.41622735740616	0.224543184430616	0.199096278092671
>NRTGAYGTCAYN	ATF3.rep3	13.5754292132967
0.200467201890288	0.112396960502645	0.497489461106785	0.189646376500282
0.638660354909754	0.054223729843303	0.304128800344278	0.00298711490266562
0	0.0146572479297299	0	0.98534275207027
0	0	0.947948482997353	0.0520515170026471
1	0	0	0
0.000919286633572348	0.32484963097208	0.0208809392482862	0.653350143146062
0.032829176994284	0.0251403712883808	0.941954575345238	7.58763720977288e-05
0.00502257487109615	0	0	0.994977425128904
0.114232031584455	0.885767968415545	0	0
0.983469328474478	0	0.0165306715255222	0
0.00419047619047619	0.258107936507937	0.0499555555555556	0.687746031746032
0.206406745072767	0.430615971215295	0.13965415391225	0.223323129799689
>NRTGACGTCAYN	ATF3.rep4	13.7302203797536
0.20976692563818	0.202737698853126	0.416672832655075	0.170822542853619
0.590477326968974	0.0323150357995227	0.377207637231504	0
0	0	2.46627370705601e-05	0.999975337262929
0	0	0.967407902271426	0.0325920977285742
1	0	0	0
0	0.986472677728578	0	0.0135273222714223
0.0215025219007168	0	0.978497478099283	0
0	0	0	1
0.03613369467028	0.96386630532972	0	0
1	0	0	0
0	0.377938951463772	0.0262734455678571	0.595787602968371
0.170649895178197	0.414847700086324	0.203280305833025	0.211222098902454
>MTGATGCAAT	Atf4(bZIP)/MEF-Atf4-ChIP-Seq(GSE35681)/Homer	6.539998	-28008.953583	0	T:11873.0(36.71%),B:495.7(1.62%),P:1e-12164
0.490	0.342	0.159	0.010
0.001	0.012	0.001	0.986
0.006	0.002	0.975	0.017
0.965	0.007	0.010	0.018
0.001	0.024	0.002	0.973
0.001	0.001	0.997	0.001
0.130	0.661	0.001	0.208
0.994	0.004	0.001	0.001
0.997	0.001	0.001	0.001
0.015	0.316	0.124	0.545
>GGATGATGTCATCC	ATF4.rep1	17.1576795025196
0.268526763629168	0.00766795290392797	0.667309785297319	0.0564954981695854
0.0769311064718163	0.0509394572025052	0.725521920668058	0.14660751565762
0.846866422689844	0.108360018298262	0.0447163769441903	5.71820677035682e-05
6.36942675159236e-05	0	0	0.999936305732484
0	0	1	0
1	0	0	0
0	0.226464163112452	0	0.773535836887548
0.0244024841603413	0	0.975597515839659	0
0	0	6.37633105910859e-05	0.999936236689409
0	1	0	0
0.999618126272912	0.000381873727087576	0	0
0	0.0351063829787234	0.0771276595744681	0.887765957446809
0.19557914211987	0.603388675203272	0.10015093237256	0.100881250304299
0.0645066991473812	0.635956151035323	0.0202679658952497	0.279269183922046
>GGATGACGTCATCC	ATF4.rep2	16.4122902117452
0.227355011733155	0.0944686557157224	0.565403955749246	0.112772376801877
0.146759847522236	0.102710715798391	0.583862770012706	0.166666666666667
0.677438931876802	0.155894401456532	0.165680473372781	0.000986193293885602
0.000599520383693046	9.99200639488409e-05	0.000799360511590727	0.998501199040767
0.000499700179892065	0	0.999500299820108	0
0.999199759927978	0.000800240072021606	0	0
0.000199720391451967	0.999800279608548	0	0
0	0	0.999400778987316	0.000599221012683511
0	0	0	1
0	0.9995	0	5e-04
0.998900219956009	0.000899820035992801	0	0.0001999600079984
0	0.163557353712445	0.159886116730351	0.676556529557204
0.163089210582614	0.587463452898809	0.100049917991871	0.149397418526706
0.122783539645366	0.565406490465038	0.0932084309133489	0.218601538976246
>GGATGAYGTCATCC	ATF4.rep3	17.1536413469517
0.259948929483402	0.0223924572775486	0.655038302887448	0.0626203103516009
0.080884325069926	0.0853672554504004	0.665964213188245	0.167784206291429
0.744249592169657	0.235725938009788	0.0200244698205546	0
0.000149313159466454	0.000248855265777424	4.97710531554848e-05	0.999552060521601
4.97611464968153e-05	0.000149283439490446	0.999402866242038	0.000398089171974522
0.999402747362134	9.95421063109695e-05	0.000447939478399363	4.97710531554848e-05
0	0.99596713965646	4.97883993029624e-05	0.00398307194423699
0.000149342891278375	0	0.999850657108722	0
0.00019895548371052	0.00044764983834867	0.000596866451131559	0.998756528226809
0	0.999900428158917	4.97859205416708e-05	4.97859205416708e-05
0.999651567944251	9.95520159283225e-05	0.000149328023892484	9.95520159283225e-05
0	0.0212470943273113	0.232820847436891	0.745932058235798
0.167860837579984	0.665849266255412	0.088700716502548	0.077589179662056
0.0631719375343326	0.655614847367182	0.0223259828925685	0.258887232205917
>TGCCACGTCAYN	ATF6B.rep1	13.9235859367697
0.0460863204096562	0.394294074615947	0.042794440380395	0.516825164594002
0.0233177881412392	0.0146568954030646	0.941372418387742	0.0206528980679547
0.14166168559474	0.844590555887627	0.00597728631201435	0.00777047220561865
0.0122116689280868	0.958616010854817	0.0169606512890095	0.0122116689280868
0.995771670190275	0.00352360817477097	0.000704721634954193	0
0.0119601328903654	0.938870431893688	0	0.0491694352159468
0.0860927152317881	0.187977585328579	0.719816607233826	0.00611309220580744
0	0.0138217000691085	0.00967519004837595	0.976503109882516
0.012396694214876	0.973140495867769	0.00757575757575758	0.0068870523415978
0.961878829135466	0	0.034717494894486	0.00340367597004765
0.0339715873996294	0.472513897467573	0.0932674490426189	0.400247066090179
0.174929178470255	0.580028328611898	0.127478753541076	0.117563739376771
>NRTGAYGTCAYN	ATF6B.rep2	12.6178481746342
0.179746835443038	0.19746835443038	0.5	0.122784810126582
0.413347685683531	0.138858988159311	0.43702906350915	0.0107642626480086
0.0278606965174129	0.118407960199005	0.0676616915422886	0.786069651741294
0.00899887514060742	0.047244094488189	0.888638920134983	0.0551181102362205
0.875831485587583	0.0277161862527716	0.0964523281596452	0
0.00628930817610063	0.832704402515723	0	0.161006289308176
0.00617283950617284	0.00123456790123457	0.975308641975309	0.0172839506172839
0.0677200902934537	0.0090293453724605	0.0316027088036117	0.891647855530474
0.0883315158124318	0.861504907306434	0.0272628135223555	0.0229007633587786
0.805300713557594	0.0254841997961264	0.169215086646279	0
0.0231532524807056	0.40683572216097	0.105843439911797	0.464167585446527
0.125316455696203	0.577215189873418	0.19873417721519	0.0987341772151899
>TGCCACGTCAYN	ATF6B.rep3	14.5930198599025
0.0586390532544379	0.243313609467456	0.0489940828402367	0.64905325443787
0.0159242615941713	0.00410104271192356	0.957113563980629	0.022861131713276
0.166710800075657	0.829884622659353	0.00136183090599584	0.00204274635899376
0.00968490582879586	0.979112737659555	0.000267785414621084	0.0109345710970276
0.993748867548469	0.00611523826780214	0.000135894183728936	0
0.000727239670924049	0.997136493795737	0.000954502068087814	0.00118176446525158
0.00140481261612362	0.00330810712829111	0.994154166855486	0.0011329134000997
0.00018071744826963	0.00253004427577483	0.00614439324116743	0.991144845034788
0.0128314034068047	0.980819957973801	0.00505208566191264	0.001296552957482
0.981434259383528	0.00612893123965463	0.0110947076455062	0.00134210173131123
0.0166287833472903	0.519519878773378	0.108545679307732	0.355305658571599
0.189314856179058	0.526234216164471	0.150795459725578	0.133655467930893
>NRTGAYGTCAYN	ATF6B.rep4	13.6392798964103
0.135841170323929	0.150888192267503	0.535161964472309	0.178108672936259
0.442131441993276	0.0979136922580942	0.439414175839359	0.0205406899092709
0	0.00506172201849078	0.00630132741077424	0.988636950570735
0	0.0084439696830968	0.973650745205758	0.017905285111145
0.990324917218543	0.00672599337748344	0.00294908940397351	0
0.000365344467640919	0.999269311064718	0.000365344467640919	0
0.000469532554257095	0	0.998591402337229	0.00093906510851419
0.0011731701096659	0.0166284111196123	0.00586585054832951	0.976332568222392
0.015559636771758	0.976481991633507	0.00795837159473523	0
0.987056518151815	0.00670379537953795	0.00577557755775578	0.000464108910891089
0.0218891376867888	0.433761367271398	0.103413608737376	0.440935886304437
0.170671821126319	0.535106049524606	0.15943997492425	0.134782154424825
>YGCCACGTGGCA	ATF6B.rep5	14.8365192880475
0.0391134289439374	0.366362451108214	0.0286831812255541	0.565840938722295
0.0423412204234122	0.0112079701120797	0.89041095890411	0.0560398505603985
0.207119741100324	0.771305285868393	0.00431499460625674	0.017259978425027
0.0113350125944584	0.900503778337531	0.0780856423173804	0.0100755667506297
0.968834688346883	0.00948509485094851	0.0203252032520325	0.0013550135501355
0	1	0	0
0.00824175824175824	0.00961538461538462	0.982142857142857	0
0	0.0187919463087248	0.0214765100671141	0.959731543624161
0.0472049689440994	0.0447204968944099	0.888198757763975	0.0198757763975155
0.0412796697626419	0.00412796697626419	0.737874097007224	0.21671826625387
0.0301047120418848	0.93586387434555	0	0.0340314136125654
0.844155844155844	0.0625737898465171	0.00944510035419126	0.0838252656434475
>NRTGACGTCAYN	ATF6.rep1	13.6332106496056
0.132682926829268	0.179024390243902	0.51609756097561	0.172195121951219
0.449457700650759	0.0993492407809111	0.439913232104121	0.0112798264642082
0.000479616306954436	0.0158273381294964	0.000479616306954436	0.983213429256595
0.00753295668549906	0.00706214689265537	0.965160075329567	0.0202448210922787
0.994662785055798	0.00339640950994663	0.000970402717127608	0.000970402717127608
0.000948316737790422	0.972024656235183	0.00189663347558084	0.0251303935514462
0.0233111322549952	0.00142721217887726	0.975261655566128	0
0.00242365487154629	0.00387784779447407	0	0.99369849733398
0.0175355450236967	0.971563981042654	0.0028436018957346	0.00805687203791469
0.986050986050986	0.00384800384800385	0.0101010101010101	0
0.0105032822757112	0.434573304157549	0.0919037199124726	0.463019693654267
0.170243902439024	0.542926829268293	0.158536585365854	0.128292682926829
>NGRTGACGTGGCAN	ATF6.rep2	16.0325826443298
0.0555555555555556	0.243961352657005	0.0869565217391304	0.613526570048309
0.0941915227629513	0.120879120879121	0.649921507064364	0.135007849293564
0.569620253164557	0.116033755274262	0.30379746835443	0.0105485232067511
0.00236406619385343	0.0118203309692671	0.00709219858156028	0.978723404255319
0	0	1	0
0.985714285714286	0.00238095238095238	0.00714285714285714	0.00476190476190476
0.00232018561484919	0.960556844547564	0.0255220417633411	0.0116009280742459
0.0165876777251185	0.0023696682464455	0.981042654028436	0
0.00717703349282297	0	0.00239234449760766	0.990430622009569
0.00932400932400932	0.0163170163170163	0.965034965034965	0.00932400932400932
0	0	0.85360824742268	0.14639175257732
0.0186480186480186	0.965034965034965	0	0.0163170163170163
0.661341853035144	0.0175718849840256	0.298722044728434	0.0223642172523962
0.207228915662651	0.190361445783133	0.318072289156626	0.28433734939759
>NRTGACGTCAYN	ATF6.rep3	13.9288207553562
0.130327321309285	0.150300601202405	0.538810955243821	0.180561122244489
0.489637464082656	0.0754417069144709	0.425567035519961	0.00935379348291251
0.000400240144086452	0.00100060036021613	0	0.998599159495697
0.00072382707113246	0.00414555504375864	0.985062841350266	0.0100677765348424
0.998332777592531	0	0.00166722240746916	0
0	0.999599358974359	0	0.000400641025641026
0.000734263400307056	0	0.999265736599693	0
0.000666400106624017	0.00173264027722244	0	0.997600959616154
0.00844717217712664	0.987923183528014	0.00290371543588728	0.000725928858971821
0.999265736599693	0	0.000734263400307056	0
0.00894607843137255	0.432720588235294	0.0737745098039216	0.484558823529412
0.177087508350033	0.540547762191049	0.150901803607214	0.131462925851703
>NGRTGACGTGGCAN	ATF6.rep4	16.1307616816844
0.0751295336787565	0.202072538860104	0.0984455958549223	0.624352331606218
0.081452944413869	0.128783709411117	0.637314254265272	0.152449091909741
0.548744460856721	0.141802067946824	0.306499261447563	0.00295420974889217
0	0.00172413793103448	0	0.998275862068966
0.00256849315068493	0.00256849315068493	0.991438356164384	0.00342465753424658
0.988054607508532	0.000853242320819113	0.00938566552901024	0.00170648464163823
0	0.999137187230371	0	0.000862812769628991
0.00172413793103448	0	0.998275862068966	0
0	0.00258397932816537	0	0.997416020671835
0.0208681135225376	0	0.96661101836394	0.0125208681135225
0.00513950073421439	0.000734214390602056	0.850220264317181	0.143906020558003
0.025	0.965	0	0.01
0.749514563106796	0.0362459546925566	0.177346278317152	0.0368932038834951
0.207253886010363	0.25993091537133	0.298791018998273	0.234024179620035
>NGRTGACGTCAY	Atf7(bZIP)/3T3L1-Atf7-ChIP-Seq(GSE56872)/Homer	6.735338	-1511.670713	0	T:1214.0(18.38%),B:986.6(2.40%),P:1e-656	Tpos:51.9,Tstd:23.1,Bpos:50.5,Bstd:34.9,StrandBias:-0.0,Multiplicity:1.08
0.238	0.303	0.285	0.175
0.226	0.167	0.389	0.219
0.407	0.195	0.320	0.078
0.017	0.019	0.006	0.958
0.001	0.039	0.800	0.160
0.827	0.019	0.081	0.073
0.033	0.665	0.139	0.163
0.182	0.123	0.666	0.029
0.076	0.069	0.038	0.817
0.136	0.813	0.045	0.006
0.914	0.010	0.044	0.032
0.053	0.317	0.219	0.411
>NRTGAYGTCAYN	ATF7.rep1	11.9850001128247
0.225594432630968	0.172047167987628	0.346027450222308	0.256330949159095
0.689206523730988	0.0368334249587686	0.258750229063588	0.0152098222466557
0.0012083549110996	0.104091144484723	0.00172622130157086	0.892974279302607
0.0283138470207071	0.007747570080293	0.728694182279194	0.235244400619806
0.979363877319197	0.00283983339644074	0.00359712230215827	0.0141991669822037
0.00556586270871985	0.388682745825603	0.0348794063079777	0.570871985157699
0.0192715700141443	0.0516265912305516	0.91460396039604	0.0144978783592645
0.0179943767572634	0.00787253983130272	0.00449859418931584	0.969634489222118
0.321685254027261	0.641016109045849	0.0114002478314746	0.0258983890954151
0.865629183400268	0.00334672021419009	0.131024096385542	0
0.0287808366106543	0.19646049338577	0.0466571326421166	0.728101537361459
0.272815158546017	0.307424593967517	0.16337973704563	0.256380510440835
>NRTGACGTCAYN	ATF7.rep2	12.5683276389943
0.215491748545264	0.220404464370886	0.340646761423257	0.223457025660593
0.534210960713107	0.101312314295147	0.330926048200726	0.0335506767910201
0	0.000190703218116806	0.000286054827175209	0.999523241954708
0.0148672055427252	0	0.756531466512702	0.228601327944573
0.999332665999333	0	0	0.000667334000667334
0	0.968449741315595	0.000508130081300813	0.0310421286031042
0.0306098857909095	0	0.96939011420909	0
0	0	0	1
0.226232235200521	0.758145589990236	0	0.0156221748092431
1	0	0	0
0.0355158648504054	0.328778962097206	0.10173258158772	0.533972591464669
0.22193074501574	0.327673375942001	0.227845082514547	0.222550796527712
