>CCAAAAATAG	Mef2a(MADS)/HL1-Mef2a.biotin-ChIP-Seq(GSE21529)/Homer	7.668953	-289.885563	0	T:248.0(14.49%),B:915.5(2.05%),P:1e-125
0.120	0.781	0.040	0.060
0.025	0.465	0.002	0.509
0.409	0.171	0.172	0.250
0.561	0.116	0.165	0.159
0.746	0.049	0.180	0.026
0.888	0.002	0.002	0.109
0.926	0.003	0.002	0.070
0.006	0.002	0.007	0.986
0.924	0.002	0.073	0.002
0.047	0.084	0.856	0.014
>GCTATTTTTGGM	Mef2b(MADS)/HEK293-Mef2b.V5-ChIP-Seq(GSE67450)/Homer	6.850716	-2174.495647	0	T:1714.0(37.59%),B:2361.9(5.30%),P:1e-944
0.151	0.136	0.437	0.276
0.037	0.757	0.061	0.145
0.006	0.116	0.001	0.877
0.885	0.001	0.037	0.077
0.187	0.001	0.001	0.811
0.163	0.043	0.025	0.769
0.043	0.106	0.006	0.845
0.313	0.161	0.056	0.470
0.180	0.089	0.174	0.557
0.394	0.001	0.593	0.012
0.074	0.062	0.703	0.161
0.306	0.346	0.176	0.172
>CCWWATWWRG	MEF2B.rep1	8.83424446537739
0.104166666666667	0.884803921568627	0.0110294117647059	0
0	0.931612903225806	0	0.0683870967741936
0.447129909365559	0.126888217522659	0.145015105740181	0.280966767371601
0.433618843683084	0.107066381156317	0.118843683083512	0.340471092077088
0.651624548736462	0.00631768953068592	0.046028880866426	0.296028880866426
0.264545454545455	0.0627272727272727	0.0163636363636364	0.656363636363636
0.342553191489362	0.111702127659574	0.120212765957447	0.425531914893617
0.281348788198103	0.120126448893572	0.118018967334036	0.480505795574289
0.482900136798906	0.012311901504788	0.504787961696306	0
0	0	0.928020565552699	0.0719794344473008
>CCWWATWWRG	MEF2B.rep2	8.85823398571254
0.0288461538461538	0.971153846153846	0	0
0	0.94392523364486	0	0.0560747663551402
0.423611111111111	0.104166666666667	0.194444444444444	0.277777777777778
0.381852551984877	0.119092627599244	0.11531190926276	0.383742911153119
0.721428571428571	0	0.0410714285714286	0.2375
0.228333333333333	0.0983333333333333	0	0.673333333333333
0.348968105065666	0.142589118198874	0.099437148217636	0.409005628517824
0.265377855887522	0.154657293497364	0.135325131810193	0.444639718804921
0.443396226415094	0.0471698113207547	0.509433962264151	0
0	0	1	0
>TGTTACCATATNNGG	MEF2B.rep3	17.4445674343994
0.0304393369893401	0.395649762770349	0.00708608047322694	0.566824819767084
0.00656478691347396	0.00247524752475248	0.989991390443392	0.000968575118381403
0.058117048346056	0.00346055979643766	0.00213740458015267	0.936284987277354
0.00804807382766391	0.00332653718210108	0.00150230711449726	0.987123081875738
0.82561479088135	0.00116675641716029	0.0973792855860707	0.0758391671154191
0	0.999891304347826	0	0.000108695652173913
0	0.875761614623001	9.52018278750952e-05	0.124143183549124
0.892760093167702	0.00572593167701863	0.0354231366459627	0.0660908385093168
0.0904678703164434	0.0085420306736556	0.00805668802174335	0.892933410988158
0.935618388934093	0.00355980471928397	0.00152563059397884	0.0592961757526444
0.226429163214582	0.0105219552609776	0.000911350455675228	0.762137531068766
0.332101315360365	0.173823241656702	0.0459832590498967	0.448092183933036
0.100347901717765	0.189823874755382	0.219612959338987	0.490215264187867
0.169680611785875	0.000179937022042285	0.827620332883491	0.00251911830859199
0.014569797204174	0.00531600708800945	0.90559165189998	0.0745225438078362
>TGTTACCATATNNGG	MEF2B.rep4	17.5772160688019
0.0404577033101757	0.13322435635472	0.0241111565181855	0.802206783816919
0	0.00355149670218163	0.995941146626078	0.000507356671740233
0.069811320754717	0.00235849056603774	0.00188679245283019	0.925943396226415
0.00353892821031345	0.00404448938321537	0	0.992416582406471
0.843938091143594	0.00558899398108341	0.0928632846087704	0.057609630266552
0	0.998982188295165	0.00101781170483461	0
0	0.893897996357013	0	0.106102003642987
0.923764705882353	0.008	0.0287058823529412	0.0395294117647059
0.135732870771899	0.01040763226366	0.002601908065915	0.851257588898526
0.929010884997634	0.00236630383341221	0.00378608613345954	0.0648367250354946
0.246457867263236	0.0216256524981357	0	0.731916480238628
0.326883910386965	0.202647657841141	0.060081466395112	0.410386965376782
0.100356597045339	0.196128374936322	0.2603158430973	0.443199184921039
0.155364806866953	0.00171673819742489	0.842489270386266	0.000429184549356223
0.00765420981539847	0.00765420981539847	0.883836109860423	0.10085547050878
>DCYAAAAATAGM	Mef2c(MADS)/GM12878-Mef2c-ChIP-Seq(GSE32465)/Homer	7.874481	-4207.789561	0	T:2974.0(15.09%),B:466.3(1.60%),P:1e-1827
0.259	0.099	0.337	0.305
0.189	0.600	0.065	0.146
0.017	0.444	0.001	0.538
0.641	0.119	0.078	0.162
0.590	0.033	0.175	0.202
0.887	0.006	0.043	0.064
0.871	0.006	0.024	0.099
0.890	0.010	0.007	0.093
0.030	0.030	0.011	0.929
0.935	0.002	0.058	0.005
0.195	0.062	0.693	0.050
0.352	0.439	0.100	0.108
>CCWWATWWRG	MEF2C.rep1	9.91107745441766
0.0965001698946653	0.885151206252124	0.00373768263676521	0.0146109412164458
0	0.894881484026108	0.00343524562006183	0.10168327035383
0.548971446116058	0.116364752840037	0.0838194657660424	0.250844335277863
0.477317554240631	0.0535831689677844	0.0904010519395135	0.378698224852071
0.776916194452729	0	0	0.223083805547271
0.20522955305564	0.00273639404074187	0	0.792034052903618
0.379725085910653	0.0553264604810997	0.0494845360824742	0.515463917525773
0.21405648267009	0.0731707317073171	0.0908215661103979	0.621951219512195
0.503422053231939	0.00684410646387833	0.487072243346008	0.0026615969581749
0.00286327845382963	0.000715819613457409	0.932355046528275	0.0640658554044381
>CCWWATWWRG	MEF2C.rep2	10.4872986502798
0.0621836587129429	0.937816341287057	0	0
0	1	0	0
0.543381887270424	0.113362887903737	0.065231158961368	0.278024065864471
0.461892247043364	0.057161629434954	0.0900131406044678	0.390932982917214
0.867558528428094	0	0	0.132441471571906
0.17546090273363	0	0	0.82453909726637
0.345238095238095	0.0595238095238095	0.0322128851540616	0.563025210084034
0.225015713387806	0.0754242614707731	0.109365179132621	0.590194846008799
0.368542791056284	0	0.631457208943716	0
0	0	0.967910447761194	0.032089552238806
>GCTATTTTTAGC	Mef2d(MADS)/Retina-Mef2d-ChIP-Seq(GSE61391)/Homer	8.647240	-2894.638860	0	T:1321.0(8.78%),B:134.0(0.40%),P:1e-1257
0.100	0.056	0.521	0.323
0.045	0.727	0.077	0.151
0.001	0.049	0.001	0.949
0.949	0.001	0.022	0.028
0.078	0.001	0.011	0.910
0.122	0.011	0.011	0.856
0.074	0.055	0.022	0.849
0.281	0.084	0.001	0.634
0.108	0.055	0.071	0.766
0.637	0.001	0.351	0.011
0.112	0.011	0.688	0.189
0.192	0.612	0.117	0.079
>CCWWATWWRG	MEF2D.rep1	10.320766330918
0.0636942675159236	0.936305732484076	0	0
0	0.933926302414231	0	0.0660736975857687
0.543266475644699	0.0750716332378223	0.0825214899713467	0.299140401146132
0.514321295143213	0.0261519302615193	0.0585305105853051	0.400996264009963
0.820770519262982	0	0	0.179229480737018
0.192202086765513	0.000549148819330038	0	0.807248764415156
0.365717821782178	0.0464108910891089	0.0439356435643564	0.543935643564356
0.225188624492165	0.0696459663377829	0.0771909460243761	0.627974463145676
0.456152277362339	0	0.543847722637661	0
0	0	0.962671905697446	0.037328094302554
>CCWWATWWRG	MEF2D.rep2	10.5951035158741
0.025	0.975	0	0
0	0.955882352941177	0	0.0441176470588235
0.587797619047619	0.0736607142857143	0.0550595238095238	0.283482142857143
0.552032520325203	0.00894308943089431	0.0398373983739837	0.399186991869919
0.772277227722772	0	0.00198019801980198	0.225742574257426
0.183900069396253	0	0.00416377515614157	0.811936155447606
0.415647921760391	0	0.0464547677261614	0.537897310513447
0.193684210526316	0.0926315789473684	0.0863157894736842	0.627368421052632
0.382905982905983	0	0.617094017094017	0
0	0	0.964550700741962	0.0354492992580379
