>GCCATCTGTT	NeuroD1(bHLH)/Islet-NeuroD1-ChIP-Seq(GSE30298)/Homer	7.081424	-5655.918830	0	T:4616.0(54.33%),B:3592.2(8.94%),P:1e-2456
0.321	0.100	0.511	0.068
0.128	0.821	0.034	0.017
0.015	0.977	0.004	0.004
0.977	0.004	0.009	0.010
0.010	0.042	0.221	0.727
0.035	0.952	0.008	0.005
0.003	0.003	0.004	0.990
0.007	0.002	0.990	0.001
0.005	0.265	0.222	0.508
0.050	0.356	0.046	0.548
>AAWTANNNNNNCATATGNN	NEUROD1.rep1	18.5694907434432
0.693548387096774	0	0.0645161290322581	0.241935483870968
0.977272727272727	0	0.0227272727272727	0
0.568181818181818	0.0454545454545455	0	0.386363636363636
0	0.06	0.08	0.86
0.754385964912281	0.0175438596491228	0.105263157894737	0.12280701754386
0.27906976744186	0.325581395348837	0.348837209302326	0.0465116279069767
0.162790697674419	0.348837209302326	0.325581395348837	0.162790697674419
0.186046511627907	0.0930232558139535	0.627906976744186	0.0930232558139535
0.0697674418604651	0.441860465116279	0.186046511627907	0.302325581395349
0.372093023255814	0	0.627906976744186	0
0.5	0.318181818181818	0.181818181818182	0
0.0222222222222222	0.955555555555556	0	0.0222222222222222
0.977272727272727	0	0	0.0227272727272727
0.0227272727272727	0	0	0.977272727272727
0.934782608695652	0.0652173913043478	0	0
0.0222222222222222	0.0222222222222222	0	0.955555555555556
0	0.0222222222222222	0.955555555555556	0.0222222222222222
0	0.311111111111111	0.288888888888889	0.4
0	0.511627906976744	0.0232558139534884	0.465116279069767
>AAWTANNNNNNCATATGNN	NEUROD1.rep2	18.7764139030676
0.709246901811249	0.0896091515729266	0.0381315538608198	0.163012392755005
0.921933085501859	0.00991325898389095	0.0173482032218092	0.0508054522924411
0.6	0.00134228187919463	0.00134228187919463	0.397315436241611
0.0319693094629156	0.00895140664961637	0.00767263427109974	0.951406649616368
0.760736196319018	0.0368098159509202	0.0889570552147239	0.113496932515337
0.233870967741935	0.30241935483871	0.270161290322581	0.193548387096774
0.169354838709677	0.352150537634409	0.278225806451613	0.200268817204301
0.240591397849462	0.143817204301075	0.403225806451613	0.212365591397849
0.043010752688172	0.510752688172043	0.182795698924731	0.263440860215054
0.356662180349933	0.00672947510094213	0.627187079407806	0.00942126514131898
0.423387096774194	0.470430107526882	0.104838709677419	0.00134408602150538
0	0.993324432576769	0.00534045393858478	0.00133511348464619
0.995983935742972	0.00267737617135207	0	0.00133868808567604
0	0	0.0119521912350598	0.98804780876494
0.98936170212766	0.0106382978723404	0	0
0.0066577896138482	0.00266311584553928	0	0.990679094540613
0	0	1	0
0.0107671601615074	0.122476446837147	0.485868102288022	0.380888290713324
0.00942126514131898	0.60699865410498	0.0053835800807537	0.378196500672948
>RMCATATGYY	NEUROD2.rep1	10.521044442137
0.486284289276808	0.0947630922693267	0.35785536159601	0.0610972568578554
0.34106412005457	0.582537517053206	0.0395634379263302	0.0368349249658936
0.0305555555555556	0.940277777777778	0.0291666666666667	0
0.907506702412869	0.00268096514745308	0.0898123324396783	0
0	0.140862944162437	0	0.859137055837564
0.889618922470434	0.0144546649145861	0.0959264126149803	0
0	0.141592920353982	0.00252844500632111	0.855878634639697
0	0.00587371512481645	0.994126284875184	0
0.0227544910179641	0.365269461077844	0.166467065868263	0.445508982035928
0.0517676767676768	0.349747474747475	0.0934343434343434	0.505050505050505
>RMCATATGYY	NEUROD2.rep2	10.6954270291348
0.428300694883133	0.0859128237523689	0.406190777005685	0.0795957043588124
0.386167146974063	0.565561959654179	0.0482708933717579	0
0	0.995478522984175	0.00452147701582517	0
0.896200814111262	0.0345997286295794	0.05359565807327	0.0156037991858887
0	0.0580013976240391	0.0188679245283019	0.923130677847659
0.87657597876576	0.0491041804910418	0.0676841406768414	0.006635700066357
0	0.0442225392296719	0.0135520684736091	0.942225392296719
0	0.0104868913857678	0.989513108614232	0
0.0240740740740741	0.284567901234568	0.160493827160494	0.530864197530864
0.0565552699228792	0.362467866323907	0.0944730077120823	0.486503856041131
>RNCATATGNY	NEUROG1.rep1	10.8247329452439
0.443919852602487	0.0493436204514049	0.489002763703362	0.0177337632427453
0.463741282478553	0.267543047583781	0.262790841202246	0.00592482873541937
0	1	0	0
0.994354096348573	0	0.00116600184105554	0.00447990181037128
5.99952003839693e-05	0.00935925125989921	0.0184785217182625	0.972102231821454
0.971053577849694	0.0196571976507252	0.00928922449958049	0
0	0.00252261121023811	0.000553743924198609	0.996923644865563
0	0.000554187192118227	0.997721674876847	0.00172413793103448
0.00722088502129235	0.257730049990742	0.265938406467938	0.469110658520027
0.0212839591624849	0.482494087789122	0.0441252811905174	0.452096671857876
>RNCATATGNY	NEUROG1.rep2	10.4411792892755
0.422144080786223	0.0786223063745379	0.474799386890271	0.0244342259489676
0.408825894652191	0.28437876960193	0.287595496582228	0.019199839163651
0.00190285428142213	0.996294441662494	0.00180270405608413	0
0.979615952732644	0	0.020384047267356	0
0	0.0149253731343284	0.020934289591006	0.964140337274666
0.960880904085772	0.0188351202549986	0.0202839756592292	0
0.000793493354493156	0.0123983336639556	9.91866693116445e-05	0.98670898631224
0	0.00330628193567779	0.996693718064322	0
0.0136710896662646	0.270707679935665	0.300060313630881	0.415560916767189
0.0317765168048887	0.455259711916194	0.0997817546922741	0.413182016586643
>RNCATATGNY	NEUROG1.rep3	11.1011539402203
0.487856762985286	0.0432547420670094	0.45435206523666	0.0145364297110441
0.53659454374412	0.208090310442145	0.252681091251176	0.0026340545625588
0	0.992901176910144	0.00392303381281524	0.00317578927704091
0.993643671714339	0	0	0.00635632828566087
0	0.0129941434846266	0.0142752562225476	0.972730600292826
0.979001657763861	0.00718364339657396	0.0138146988395653	0
0.0044684416309812	0.00204803574753305	0.00390988642710855	0.989573636194377
0	0.00242945243879649	0.993272285554102	0.00429826200710148
0.0018811136192626	0.232693754702784	0.215199398043642	0.550225733634311
0.0174541607898449	0.462094499294781	0.0454866008462623	0.474964739069111
>RNCATATGNY	NEUROG1.rep4	11.152656019516
0.4518942491142	0.0321613518669937	0.506950122649223	0.00899427636958299
0.539664486778504	0.249075916974694	0.207278930907023	0.00398066533977822
0	0.997731140102099	0.0022688598979013	0
0.982407148841106	0	0.0175928511588942	0
0.0011001100110011	0.0313531353135314	0	0.967546754675468
0.977765425236242	0	0.0222345747637576	0
0	0.0238623751387347	0	0.976137624861265
0	0	1	0
0.00653780557134736	0.186185332575327	0.257816941444002	0.549459920409323
0.0180275715800636	0.488865323435843	0.049575821845175	0.443531283138918
>ACCATCTGTT	NeuroG2(bHLH)/Fibroblast-NeuroG2-ChIP-Seq(GSE75910)/Homer	5.787597	-29296.236125	0	T:23451.0(68.17%),B:3772.4(12.17%),P:1e-12723
0.474	0.163	0.260	0.103
0.183	0.690	0.106	0.021
0.022	0.976	0.001	0.001
0.980	0.002	0.004	0.014
0.013	0.003	0.169	0.815
0.086	0.898	0.014	0.002
0.001	0.001	0.001	0.997
0.001	0.001	0.997	0.001
0.006	0.252	0.137	0.605
0.040	0.303	0.090	0.567
>RNCATATGNY	NEUROG2.rep1	11.2022793392328
0.390243902439024	0.0413140866102539	0.551767048282728	0.016674962667994
0.558520475561427	0.22668428005284	0.196829590488771	0.0179656538969617
0	0.982606438213915	0.0173935617860852	0
0.981841763942931	0.00830090791180285	0.00985732814526589	0
0	0.0416766467065868	0.0517365269461078	0.906586826347305
0.908109404990403	0.0439059500959693	0.0479846449136276	0
0.013188518231187	0.00801655029738816	0	0.978794931471425
0.00727272727272727	0.00597402597402597	0.983116883116883	0.00363636363636364
0.0140063424947146	0.233615221987315	0.198731501057082	0.553646934460888
0.0263865135597361	0.53603713657464	0.0491082335695089	0.388468116296115
>RNCATATGNY	NEUROG2.rep2	11.0814717504623
0.459614831848232	0.0557631503305548	0.454153492382869	0.0304685254383444
0.594025157232704	0.158490566037736	0.202201257861635	0.0452830188679245
0	1	0	0
0.993748046264458	0	0.00625195373554236	0
0	0.0534508076358297	0.0129221732745962	0.933627019089574
0.924127906976744	0.0488372093023256	0.0270348837209302	0
0	0.0233486943164363	0	0.976651305683564
0	0	0.996551724137931	0.00344827586206897
0.0160377358490566	0.179874213836478	0.215094339622642	0.588993710691824
0.0239469128678592	0.455568378534334	0.0588574725908829	0.461627236006924
>RMCATATGYY	NEUROG2.rep3	9.8956314099063
0.282442748091603	0.145038167938931	0.541984732824427	0.0305343511450382
0.571428571428571	0.392857142857143	0	0.0357142857142857
0	0.830769230769231	0.169230769230769	0
0.658536585365854	0.103658536585366	0.189024390243902	0.0487804878048781
0	0.169117647058824	0.0367647058823529	0.794117647058823
0.635294117647059	0.135294117647059	0.211764705882353	0.0176470588235294
0	0.142857142857143	0	0.857142857142857
0	0.114754098360656	0.885245901639344	0
0.0491803278688525	0.319672131147541	0.0655737704918033	0.565573770491803
0.0238095238095238	0.515873015873016	0.119047619047619	0.341269841269841
>RNCATATGNY	NEUROG2.rep4	10.1003802934503
0.357446808510638	0.112765957446809	0.497872340425532	0.0319148936170213
0.587064676616915	0.201492537313433	0.171641791044776	0.0398009950248756
0	0.857446808510638	0.142553191489362	0
0.769083969465649	0.0343511450381679	0.196564885496183	0
0	0.223801065719361	0.0603907637655417	0.715808170515098
0.754681647940075	0	0.245318352059925	0
0.00852878464818763	0.132196162046908	0	0.859275053304904
0	0.131465517241379	0.868534482758621	0
0.0173697270471464	0.176178660049628	0.200992555831266	0.60545905707196
0.0638297872340425	0.493617021276596	0.0808510638297872	0.361702127659574
