>NNTGTTTATTTTGGCA	NF1:FOXA1(CTF,Forkhead)/LNCAP-FOXA1-ChIP-Seq(GSE27824)/Homer	10.273683	-1.367298e+03	0	50000.0,14301.0,949.6,809.0,0.00e+00
0.273	0.184	0.193	0.350
0.248	0.286	0.166	0.299
0.075	0.001	0.001	0.924
0.256	0.008	0.732	0.004
0.024	0.031	0.001	0.945
0.001	0.001	0.121	0.877
0.035	0.001	0.218	0.745
0.490	0.017	0.357	0.137
0.125	0.354	0.063	0.458
0.107	0.260	0.047	0.587
0.001	0.093	0.001	0.905
0.021	0.001	0.001	0.977
0.001	0.001	0.990	0.008
0.001	0.009	0.984	0.006
0.126	0.861	0.007	0.007
0.616	0.112	0.002	0.270
>TTGCCAAG	NF1-halfsite(CTF)/LNCaP-NF1-ChIP-Seq(Unpublished)/Homer	6.734334	-9.654380e+03	0	50000.0,22740.0,32422.7,25145.0,0.00e+00
0.029	0.338	0.192	0.441
0.001	0.001	0.001	0.997
0.001	0.001	0.997	0.001
0.001	0.635	0.363	0.001
0.001	0.997	0.001	0.001
0.997	0.001	0.001	0.001
0.621	0.001	0.377	0.001
0.215	0.298	0.472	0.016
>CTTGGCACNGTGCCAA	NF1(CTF)/LNCAP-NF1-ChIP-Seq(Unpublished)/Homer	7.598341	-1.324803e+04	0	50000.0,14301.0,12622.8,10808.0,0.00e+00
0.113	0.473	0.201	0.213
0.067	0.426	0.038	0.470
0.056	0.003	0.158	0.783
0.001	0.001	0.995	0.003
0.019	0.004	0.964	0.014
0.164	0.782	0.043	0.011
0.506	0.186	0.033	0.275
0.179	0.356	0.257	0.208
0.262	0.222	0.211	0.304
0.180	0.271	0.352	0.197
0.264	0.029	0.194	0.513
0.008	0.053	0.784	0.155
0.016	0.960	0.005	0.019
0.005	0.993	0.001	0.001
0.784	0.155	0.003	0.058
0.442	0.064	0.421	0.073
